camera_info:
  rgb: 
    width: 960
    height: 540
    k00: 540.686035 
    k02: 479.75
    k11: 540.686035
    k12: 269.75
    k22: 1.0 
  depth: 
    width: 960
    height: 540
    k00: 540.686035 
    k02: 479.75
    k11: 540.686035
    k12: 269.75
    k22: 1.0 